Results A:
       
       +1  +2  +3  +4  +5  +6  +7  +8  +9 +10
---------------------------------------------
 +1:   +1  +0  +0  +0  +0  +0  +0  +0  +0  +0
 +2:   +2  +1  +0  +0  +0  +0  +0  +0  +0  +0
 +3:   +3  +1  +1  +0  +0  +0  +0  +0  +0  +0
 +4:   +4  +2  +1  +1  +0  +0  +0  +0  +0  +0
 +5:   +5  +2  +1  +1  +1  +0  +0  +0  +0  +0
 +6:   +6  +3  +2  +1  +1  +1  +0  +0  +0  +0
 +7:   +7  +3  +2  +1  +1  +1  +1  +0  +0  +0
 +8:   +8  +4  +2  +2  +1  +1  +1  +1  +0  +0
 +9:   +9  +4  +3  +2  +1  +1  +1  +1  +1  +0
+10:  +10  +5  +3  +2  +2  +1  +1  +1  +1  +1


It appears that what the division is REALLY counting is the round number of times that the divisor fits into the numerator. 
If the numerator is smaller than the divisor, it simply returns 0, instead of the decimal you would expect to see.

Expanded Results:

     -10  -9  -8  -7  -6  -5  -4  -3  -2  -1  +0  +1  +2  +3  +4  +5  +6  +7  +8  +9 +10
-----------------------------------------------------------------------------------------
-10:   +1  +1  +1  +1  +1  +2  +2  +3  +5 +10  +0 -10  -5  -3  -2  -2  -1  -1  -1  -1  -1
 -9:   +0  +1  +1  +1  +1  +1  +2  +3  +4  +9  +0  -9  -4  -3  -2  -1  -1  -1  -1  -1  +0
 -8:   +0  +0  +1  +1  +1  +1  +2  +2  +4  +8  +0  -8  -4  -2  -2  -1  -1  -1  -1  +0  +0
 -7:   +0  +0  +0  +1  +1  +1  +1  +2  +3  +7  +0  -7  -3  -2  -1  -1  -1  -1  +0  +0  +0
 -6:   +0  +0  +0  +0  +1  +1  +1  +2  +3  +6  +0  -6  -3  -2  -1  -1  -1  +0  +0  +0  +0
 -5:   +0  +0  +0  +0  +0  +1  +1  +1  +2  +5  +0  -5  -2  -1  -1  -1  +0  +0  +0  +0  +0
 -4:   +0  +0  +0  +0  +0  +0  +1  +1  +2  +4  +0  -4  -2  -1  -1  +0  +0  +0  +0  +0  +0
 -3:   +0  +0  +0  +0  +0  +0  +0  +1  +1  +3  +0  -3  -1  -1  +0  +0  +0  +0  +0  +0  +0
 -2:   +0  +0  +0  +0  +0  +0  +0  +0  +1  +2  +0  -2  -1  +0  +0  +0  +0  +0  +0  +0  +0
 -1:   +0  +0  +0  +0  +0  +0  +0  +0  +0  +1  +0  -1  +0  +0  +0  +0  +0  +0  +0  +0  +0
 +0:   +0  +0  +0  +0  +0  +0  +0  +0  +0  +0  +0  +0  +0  +0  +0  +0  +0  +0  +0  +0  +0
 +1:   +0  +0  +0  +0  +0  +0  +0  +0  +0  -1  +0  +1  +0  +0  +0  +0  +0  +0  +0  +0  +0
 +2:   +0  +0  +0  +0  +0  +0  +0  +0  -1  -2  +0  +2  +1  +0  +0  +0  +0  +0  +0  +0  +0
 +3:   +0  +0  +0  +0  +0  +0  +0  -1  -1  -3  +0  +3  +1  +1  +0  +0  +0  +0  +0  +0  +0
 +4:   +0  +0  +0  +0  +0  +0  -1  -1  -2  -4  +0  +4  +2  +1  +1  +0  +0  +0  +0  +0  +0
 +5:   +0  +0  +0  +0  +0  -1  -1  -1  -2  -5  +0  +5  +2  +1  +1  +1  +0  +0  +0  +0  +0
 +6:   +0  +0  +0  +0  -1  -1  -1  -2  -3  -6  +0  +6  +3  +2  +1  +1  +1  +0  +0  +0  +0
 +7:   +0  +0  +0  -1  -1  -1  -1  -2  -3  -7  +0  +7  +3  +2  +1  +1  +1  +1  +0  +0  +0
 +8:   +0  +0  -1  -1  -1  -1  -2  -2  -4  -8  +0  +8  +4  +2  +2  +1  +1  +1  +1  +0  +0
 +9:   +0  -1  -1  -1  -1  -1  -2  -3  -4  -9  +0  +9  +4  +3  +2  +1  +1  +1  +1  +1  +0
+10:   -1  -1  -1  -1  -1  -2  -2  -3  -5 -10  +0 +10  +5  +3  +2  +2  +1  +1  +1  +1  +1


With a caveat for me using "0" rather than having it print undefined, we get results which match my 
observations from the previous experiment. 

We can see that rounding causes some interesting cases, where as the number becomes close to 0 than -1, it is automatically rounded up. 