Results:

              +1         +2         +3         +4         +5         +6         +7         +8         +9        +10
-------------------------------------------------------------------------------------------------------------------
 +1:  +1.000e+00 +5.000e-01 +3.333e-01 +2.500e-01 +2.000e-01 +1.667e-01 +1.429e-01 +1.250e-01 +1.111e-01 +1.000e-01
 +2:  +2.000e+00 +1.000e+00 +6.667e-01 +5.000e-01 +4.000e-01 +3.333e-01 +2.857e-01 +2.500e-01 +2.222e-01 +2.000e-01
 +3:  +3.000e+00 +1.500e+00 +1.000e+00 +7.500e-01 +6.000e-01 +5.000e-01 +4.286e-01 +3.750e-01 +3.333e-01 +3.000e-01
 +4:  +4.000e+00 +2.000e+00 +1.333e+00 +1.000e+00 +8.000e-01 +6.667e-01 +5.714e-01 +5.000e-01 +4.444e-01 +4.000e-01
 +5:  +5.000e+00 +2.500e+00 +1.667e+00 +1.250e+00 +1.000e+00 +8.333e-01 +7.143e-01 +6.250e-01 +5.556e-01 +5.000e-01
 +6:  +6.000e+00 +3.000e+00 +2.000e+00 +1.500e+00 +1.200e+00 +1.000e+00 +8.571e-01 +7.500e-01 +6.667e-01 +6.000e-01
 +7:  +7.000e+00 +3.500e+00 +2.333e+00 +1.750e+00 +1.400e+00 +1.167e+00 +1.000e+00 +8.750e-01 +7.778e-01 +7.000e-01
 +8:  +8.000e+00 +4.000e+00 +2.667e+00 +2.000e+00 +1.600e+00 +1.333e+00 +1.143e+00 +1.000e+00 +8.889e-01 +8.000e-01
 +9:  +9.000e+00 +4.500e+00 +3.000e+00 +2.250e+00 +1.800e+00 +1.500e+00 +1.286e+00 +1.125e+00 +1.000e+00 +9.000e-01
+10:  +1.000e+01 +5.000e+00 +3.333e+00 +2.500e+00 +2.000e+00 +1.667e+00 +1.429e+00 +1.250e+00 +1.111e+00 +1.000e+00


With floats, we get the numbers that we expect to see. They use notation which differs from decimals, but that allows for precision up to three decimal places. 

Results after changes: 

             -10         -9         -8         -7         -6         -5         -4         -3         -2         -1         +0         +1         +2         +3         +4         +5         +6         +7         +8         +9        +10
--------------------------------------------------------------------------------------------------------------------------------------------------------------------------------------------------------------------------------------------
-10:  +1.000e+00 +1.111e+00 +1.250e+00 +1.429e+00 +1.667e+00 +2.000e+00 +2.500e+00 +3.333e+00 +5.000e+00 +1.000e+01       -inf -1.000e+01 -5.000e+00 -3.333e+00 -2.500e+00 -2.000e+00 -1.667e+00 -1.429e+00 -1.250e+00 -1.111e+00 -1.000e+00
 -9:  +9.000e-01 +1.000e+00 +1.125e+00 +1.286e+00 +1.500e+00 +1.800e+00 +2.250e+00 +3.000e+00 +4.500e+00 +9.000e+00       -inf -9.000e+00 -4.500e+00 -3.000e+00 -2.250e+00 -1.800e+00 -1.500e+00 -1.286e+00 -1.125e+00 -1.000e+00 -9.000e-01
 -8:  +8.000e-01 +8.889e-01 +1.000e+00 +1.143e+00 +1.333e+00 +1.600e+00 +2.000e+00 +2.667e+00 +4.000e+00 +8.000e+00       -inf -8.000e+00 -4.000e+00 -2.667e+00 -2.000e+00 -1.600e+00 -1.333e+00 -1.143e+00 -1.000e+00 -8.889e-01 -8.000e-01
 -7:  +7.000e-01 +7.778e-01 +8.750e-01 +1.000e+00 +1.167e+00 +1.400e+00 +1.750e+00 +2.333e+00 +3.500e+00 +7.000e+00       -inf -7.000e+00 -3.500e+00 -2.333e+00 -1.750e+00 -1.400e+00 -1.167e+00 -1.000e+00 -8.750e-01 -7.778e-01 -7.000e-01
 -6:  +6.000e-01 +6.667e-01 +7.500e-01 +8.571e-01 +1.000e+00 +1.200e+00 +1.500e+00 +2.000e+00 +3.000e+00 +6.000e+00       -inf -6.000e+00 -3.000e+00 -2.000e+00 -1.500e+00 -1.200e+00 -1.000e+00 -8.571e-01 -7.500e-01 -6.667e-01 -6.000e-01
 -5:  +5.000e-01 +5.556e-01 +6.250e-01 +7.143e-01 +8.333e-01 +1.000e+00 +1.250e+00 +1.667e+00 +2.500e+00 +5.000e+00       -inf -5.000e+00 -2.500e+00 -1.667e+00 -1.250e+00 -1.000e+00 -8.333e-01 -7.143e-01 -6.250e-01 -5.556e-01 -5.000e-01
 -4:  +4.000e-01 +4.444e-01 +5.000e-01 +5.714e-01 +6.667e-01 +8.000e-01 +1.000e+00 +1.333e+00 +2.000e+00 +4.000e+00       -inf -4.000e+00 -2.000e+00 -1.333e+00 -1.000e+00 -8.000e-01 -6.667e-01 -5.714e-01 -5.000e-01 -4.444e-01 -4.000e-01
 -3:  +3.000e-01 +3.333e-01 +3.750e-01 +4.286e-01 +5.000e-01 +6.000e-01 +7.500e-01 +1.000e+00 +1.500e+00 +3.000e+00       -inf -3.000e+00 -1.500e+00 -1.000e+00 -7.500e-01 -6.000e-01 -5.000e-01 -4.286e-01 -3.750e-01 -3.333e-01 -3.000e-01
 -2:  +2.000e-01 +2.222e-01 +2.500e-01 +2.857e-01 +3.333e-01 +4.000e-01 +5.000e-01 +6.667e-01 +1.000e+00 +2.000e+00       -inf -2.000e+00 -1.000e+00 -6.667e-01 -5.000e-01 -4.000e-01 -3.333e-01 -2.857e-01 -2.500e-01 -2.222e-01 -2.000e-01
 -1:  +1.000e-01 +1.111e-01 +1.250e-01 +1.429e-01 +1.667e-01 +2.000e-01 +2.500e-01 +3.333e-01 +5.000e-01 +1.000e+00       -inf -1.000e+00 -5.000e-01 -3.333e-01 -2.500e-01 -2.000e-01 -1.667e-01 -1.429e-01 -1.250e-01 -1.111e-01 -1.000e-01
 +0:  -0.000e+00 -0.000e+00 -0.000e+00 -0.000e+00 -0.000e+00 -0.000e+00 -0.000e+00 -0.000e+00 -0.000e+00 -0.000e+00       +nan +0.000e+00 +0.000e+00 +0.000e+00 +0.000e+00 +0.000e+00 +0.000e+00 +0.000e+00 +0.000e+00 +0.000e+00 +0.000e+00
 +1:  -1.000e-01 -1.111e-01 -1.250e-01 -1.429e-01 -1.667e-01 -2.000e-01 -2.500e-01 -3.333e-01 -5.000e-01 -1.000e+00       +inf +1.000e+00 +5.000e-01 +3.333e-01 +2.500e-01 +2.000e-01 +1.667e-01 +1.429e-01 +1.250e-01 +1.111e-01 +1.000e-01
 +2:  -2.000e-01 -2.222e-01 -2.500e-01 -2.857e-01 -3.333e-01 -4.000e-01 -5.000e-01 -6.667e-01 -1.000e+00 -2.000e+00       +inf +2.000e+00 +1.000e+00 +6.667e-01 +5.000e-01 +4.000e-01 +3.333e-01 +2.857e-01 +2.500e-01 +2.222e-01 +2.000e-01
 +3:  -3.000e-01 -3.333e-01 -3.750e-01 -4.286e-01 -5.000e-01 -6.000e-01 -7.500e-01 -1.000e+00 -1.500e+00 -3.000e+00       +inf +3.000e+00 +1.500e+00 +1.000e+00 +7.500e-01 +6.000e-01 +5.000e-01 +4.286e-01 +3.750e-01 +3.333e-01 +3.000e-01
 +4:  -4.000e-01 -4.444e-01 -5.000e-01 -5.714e-01 -6.667e-01 -8.000e-01 -1.000e+00 -1.333e+00 -2.000e+00 -4.000e+00       +inf +4.000e+00 +2.000e+00 +1.333e+00 +1.000e+00 +8.000e-01 +6.667e-01 +5.714e-01 +5.000e-01 +4.444e-01 +4.000e-01
 +5:  -5.000e-01 -5.556e-01 -6.250e-01 -7.143e-01 -8.333e-01 -1.000e+00 -1.250e+00 -1.667e+00 -2.500e+00 -5.000e+00       +inf +5.000e+00 +2.500e+00 +1.667e+00 +1.250e+00 +1.000e+00 +8.333e-01 +7.143e-01 +6.250e-01 +5.556e-01 +5.000e-01
 +6:  -6.000e-01 -6.667e-01 -7.500e-01 -8.571e-01 -1.000e+00 -1.200e+00 -1.500e+00 -2.000e+00 -3.000e+00 -6.000e+00       +inf +6.000e+00 +3.000e+00 +2.000e+00 +1.500e+00 +1.200e+00 +1.000e+00 +8.571e-01 +7.500e-01 +6.667e-01 +6.000e-01
 +7:  -7.000e-01 -7.778e-01 -8.750e-01 -1.000e+00 -1.167e+00 -1.400e+00 -1.750e+00 -2.333e+00 -3.500e+00 -7.000e+00       +inf +7.000e+00 +3.500e+00 +2.333e+00 +1.750e+00 +1.400e+00 +1.167e+00 +1.000e+00 +8.750e-01 +7.778e-01 +7.000e-01
 +8:  -8.000e-01 -8.889e-01 -1.000e+00 -1.143e+00 -1.333e+00 -1.600e+00 -2.000e+00 -2.667e+00 -4.000e+00 -8.000e+00       +inf +8.000e+00 +4.000e+00 +2.667e+00 +2.000e+00 +1.600e+00 +1.333e+00 +1.143e+00 +1.000e+00 +8.889e-01 +8.000e-01
 +9:  -9.000e-01 -1.000e+00 -1.125e+00 -1.286e+00 -1.500e+00 -1.800e+00 -2.250e+00 -3.000e+00 -4.500e+00 -9.000e+00       +inf +9.000e+00 +4.500e+00 +3.000e+00 +2.250e+00 +1.800e+00 +1.500e+00 +1.286e+00 +1.125e+00 +1.000e+00 +9.000e-01
+10:  -1.000e+00 -1.111e+00 -1.250e+00 -1.429e+00 -1.667e+00 -2.000e+00 -2.500e+00 -3.333e+00 -5.000e+00 -1.000e+01       +inf +1.000e+01 +5.000e+00 +3.333e+00 +2.500e+00 +2.000e+00 +1.667e+00 +1.429e+00 +1.250e+00 +1.111e+00 +1.000e+00


Floats adopt the negative numbers without an issue! The expansion works without a hitch. Something particular intersting to me is that they handled x/0 just fine, with nan and inf, and then set them negative or positive. This is behavior that I did not expect, as it does not match what should be undefined, not infinite. 